2352824
2357024
2357536
2358820
2359991
2367105
2364559
2380358
2378426
2379574
2381475
2383489
2383660
12519786
2391279
2391585
2407517
2397816
2414469
2418046
2423945
2424766
2427032
2428184
2428344
2430683
2436704
2442047
2441472
2442327
2449323
2449808
2451822
2450022
2452078
2457170
2458410
56747312
2460389
2464592
2465512
2442047
2466256
2471217
2473224
2471390
2475687
2477058
2487610
2478307
2480894
2486340
2487796
2487889
2487956
2488042
2490383
2486982
2503713
2503863
2508428
2512636
2514815